Dynamical matrix file
--                                                                         
  1    2   2  10.2620000   0.0000000   0.0000000   0.0000000   0.0000000   0.0000000
           1  'Si  '    25598.367289828169     
    1    1      0.0000000000      0.0000000000      0.0000000000
    2    1      0.2500000000      0.2500000000      0.2500000000

     Dynamical  Matrix in cartesian axes

     q = (    0.666666667   0.000000000   0.666666667 ) 

    1    1
  0.26011910   0.00000000     0.00000000   0.00848280     0.00809555   0.00000000
  0.00000000  -0.00848280     0.30413357   0.00000000    -0.00000000  -0.00848280
  0.00809555   0.00000000     0.00000000   0.00848280     0.26011910   0.00000000
    1    2
  0.03112720   0.05391389    -0.06991846   0.04036744    -0.07305534  -0.12653556
 -0.06991846   0.04036744     0.04239353   0.07342775    -0.06991846   0.04036744
 -0.07305534  -0.12653556    -0.06991846   0.04036744     0.03112720   0.05391389
    2    1
  0.03112720  -0.05391389    -0.06991846  -0.04036744    -0.07305534   0.12653556
 -0.06991846  -0.04036744     0.04239353  -0.07342775    -0.06991846  -0.04036744
 -0.07305534   0.12653556    -0.06991846  -0.04036744     0.03112720  -0.05391389
    2    2
  0.26011910   0.00000000     0.00000000  -0.00848280     0.00809555   0.00000000
  0.00000000   0.00848280     0.30413357   0.00000000    -0.00000000   0.00848280
  0.00809555   0.00000000     0.00000000  -0.00848280     0.26011910   0.00000000

     Dynamical  Matrix in cartesian axes

     q = (    0.666666667   0.000000000  -0.666666667 ) 

    1    1
  0.26011910   0.00000000     0.00000000  -0.00848280    -0.00809555   0.00000000
  0.00000000   0.00848280     0.30413357   0.00000000     0.00000000  -0.00848280
 -0.00809555   0.00000000     0.00000000   0.00848280     0.26011910   0.00000000
    1    2
 -0.06225440  -0.00000000     0.00000000   0.08073489    -0.14611068   0.00000000
  0.00000000   0.08073489    -0.08478706   0.00000000    -0.00000000  -0.08073489
 -0.14611068   0.00000000    -0.00000000  -0.08073489    -0.06225440  -0.00000000
    2    1
 -0.06225440  -0.00000000     0.00000000  -0.08073489    -0.14611068  -0.00000000
  0.00000000  -0.08073489    -0.08478706  -0.00000000    -0.00000000   0.08073489
 -0.14611068  -0.00000000    -0.00000000   0.08073489    -0.06225440  -0.00000000
    2    2
  0.26011910   0.00000000     0.00000000   0.00848280    -0.00809555   0.00000000
  0.00000000  -0.00848280     0.30413357   0.00000000     0.00000000   0.00848280
 -0.00809555   0.00000000     0.00000000  -0.00848280     0.26011910   0.00000000

     Dynamical  Matrix in cartesian axes

     q = (   -0.666666667   0.000000000  -0.666666667 ) 

    1    1
  0.26011910   0.00000000     0.00000000  -0.00848280     0.00809555   0.00000000
  0.00000000   0.00848280     0.30413357   0.00000000    -0.00000000   0.00848280
  0.00809555   0.00000000     0.00000000  -0.00848280     0.26011910   0.00000000
    1    2
  0.03112720  -0.05391389    -0.06991846  -0.04036744    -0.07305534   0.12653556
 -0.06991846  -0.04036744     0.04239353  -0.07342775    -0.06991846  -0.04036744
 -0.07305534   0.12653556    -0.06991846  -0.04036744     0.03112720  -0.05391389
    2    1
  0.03112720   0.05391389    -0.06991846   0.04036744    -0.07305534  -0.12653556
 -0.06991846   0.04036744     0.04239353   0.07342775    -0.06991846   0.04036744
 -0.07305534  -0.12653556    -0.06991846   0.04036744     0.03112720   0.05391389
    2    2
  0.26011910   0.00000000     0.00000000   0.00848280     0.00809555   0.00000000
  0.00000000  -0.00848280     0.30413357   0.00000000    -0.00000000  -0.00848280
  0.00809555   0.00000000     0.00000000   0.00848280     0.26011910   0.00000000

     Dynamical  Matrix in cartesian axes

     q = (   -0.666666667   0.000000000   0.666666667 ) 

    1    1
  0.26011910   0.00000000     0.00000000   0.00848280    -0.00809555   0.00000000
  0.00000000  -0.00848280     0.30413357   0.00000000     0.00000000   0.00848280
 -0.00809555   0.00000000     0.00000000  -0.00848280     0.26011910   0.00000000
    1    2
 -0.06225440  -0.00000000     0.00000000  -0.08073489    -0.14611068  -0.00000000
  0.00000000  -0.08073489    -0.08478706   0.00000000     0.00000000   0.08073489
 -0.14611068  -0.00000000     0.00000000   0.08073489    -0.06225440  -0.00000000
    2    1
 -0.06225440   0.00000000     0.00000000   0.08073489    -0.14611068   0.00000000
  0.00000000   0.08073489    -0.08478706   0.00000000    -0.00000000  -0.08073489
 -0.14611068   0.00000000    -0.00000000  -0.08073489    -0.06225440   0.00000000
    2    2
  0.26011910   0.00000000     0.00000000  -0.00848280    -0.00809555   0.00000000
  0.00000000   0.00848280     0.30413357   0.00000000     0.00000000  -0.00848280
 -0.00809555   0.00000000     0.00000000   0.00848280     0.26011910   0.00000000

     Dynamical  Matrix in cartesian axes

     q = (    0.000000000  -0.666666667   0.666666667 ) 

    1    1
  0.30413357   0.00000000     0.00000000  -0.00848280     0.00000000   0.00848280
  0.00000000   0.00848280     0.26011910   0.00000000    -0.00809555   0.00000000
  0.00000000  -0.00848280    -0.00809555   0.00000000     0.26011910   0.00000000
    1    2
 -0.08478706  -0.00000000     0.00000000  -0.08073489    -0.00000000   0.08073489
 -0.00000000  -0.08073489    -0.06225440   0.00000000    -0.14611068  -0.00000000
  0.00000000   0.08073489    -0.14611068  -0.00000000    -0.06225440   0.00000000
    2    1
 -0.08478706  -0.00000000     0.00000000   0.08073489     0.00000000  -0.08073489
  0.00000000   0.08073489    -0.06225440   0.00000000    -0.14611068  -0.00000000
  0.00000000  -0.08073489    -0.14611068  -0.00000000    -0.06225440   0.00000000
    2    2
  0.30413357   0.00000000     0.00000000   0.00848280     0.00000000  -0.00848280
  0.00000000  -0.00848280     0.26011910   0.00000000    -0.00809555   0.00000000
  0.00000000   0.00848280    -0.00809555   0.00000000     0.26011910   0.00000000

     Dynamical  Matrix in cartesian axes

     q = (   -0.666666667   0.666666667   0.000000000 ) 

    1    1
  0.26011910   0.00000000    -0.00809555   0.00000000     0.00000000   0.00848280
 -0.00809555   0.00000000     0.26011910   0.00000000     0.00000000  -0.00848280
  0.00000000  -0.00848280     0.00000000   0.00848280     0.30413357   0.00000000
    1    2
 -0.06225440  -0.00000000    -0.14611068   0.00000000     0.00000000  -0.08073489
 -0.14611068   0.00000000    -0.06225440   0.00000000     0.00000000   0.08073489
  0.00000000  -0.08073489     0.00000000   0.08073489    -0.08478706  -0.00000000
    2    1
 -0.06225440  -0.00000000    -0.14611068  -0.00000000    -0.00000000   0.08073489
 -0.14611068   0.00000000    -0.06225440  -0.00000000     0.00000000  -0.08073489
 -0.00000000   0.08073489     0.00000000  -0.08073489    -0.08478706  -0.00000000
    2    2
  0.26011910   0.00000000    -0.00809555   0.00000000     0.00000000  -0.00848280
 -0.00809555   0.00000000     0.26011910   0.00000000     0.00000000   0.00848280
  0.00000000   0.00848280     0.00000000  -0.00848280     0.30413357   0.00000000

     Dynamical  Matrix in cartesian axes

     q = (   -0.666666667  -0.666666667   0.000000000 ) 

    1    1
  0.26011910   0.00000000     0.00809555   0.00000000    -0.00000000  -0.00848280
  0.00809555   0.00000000     0.26011910   0.00000000    -0.00000000  -0.00848280
  0.00000000   0.00848280     0.00000000   0.00848280     0.30413357   0.00000000
    1    2
  0.03112720  -0.05391389    -0.07305534   0.12653556    -0.06991846  -0.04036744
 -0.07305534   0.12653556     0.03112720  -0.05391389    -0.06991846  -0.04036744
 -0.06991846  -0.04036744    -0.06991846  -0.04036744     0.04239353  -0.07342775
    2    1
  0.03112720   0.05391389    -0.07305534  -0.12653556    -0.06991846   0.04036744
 -0.07305534  -0.12653556     0.03112720   0.05391389    -0.06991846   0.04036744
 -0.06991846   0.04036744    -0.06991846   0.04036744     0.04239353   0.07342775
    2    2
  0.26011910   0.00000000     0.00809555   0.00000000    -0.00000000   0.00848280
  0.00809555   0.00000000     0.26011910   0.00000000    -0.00000000   0.00848280
  0.00000000  -0.00848280     0.00000000  -0.00848280     0.30413357   0.00000000

     Dynamical  Matrix in cartesian axes

     q = (    0.666666667   0.666666667   0.000000000 ) 

    1    1
  0.26011910   0.00000000     0.00809555   0.00000000    -0.00000000   0.00848280
  0.00809555   0.00000000     0.26011910   0.00000000    -0.00000000   0.00848280
  0.00000000  -0.00848280     0.00000000  -0.00848280     0.30413357   0.00000000
    1    2
  0.03112720   0.05391389    -0.07305534  -0.12653556    -0.06991846   0.04036744
 -0.07305534  -0.12653556     0.03112720   0.05391389    -0.06991846   0.04036744
 -0.06991846   0.04036744    -0.06991846   0.04036744     0.04239353   0.07342775
    2    1
  0.03112720  -0.05391389    -0.07305534   0.12653556    -0.06991846  -0.04036744
 -0.07305534   0.12653556     0.03112720  -0.05391389    -0.06991846  -0.04036744
 -0.06991846  -0.04036744    -0.06991846  -0.04036744     0.04239353  -0.07342775
    2    2
  0.26011910   0.00000000     0.00809555   0.00000000    -0.00000000  -0.00848280
  0.00809555   0.00000000     0.26011910   0.00000000    -0.00000000  -0.00848280
  0.00000000   0.00848280     0.00000000   0.00848280     0.30413357   0.00000000

     Dynamical  Matrix in cartesian axes

     q = (    0.666666667  -0.666666667   0.000000000 ) 

    1    1
  0.26011910   0.00000000    -0.00809555   0.00000000     0.00000000  -0.00848280
 -0.00809555   0.00000000     0.26011910   0.00000000     0.00000000   0.00848280
  0.00000000   0.00848280     0.00000000  -0.00848280     0.30413357   0.00000000
    1    2
 -0.06225440  -0.00000000    -0.14611068  -0.00000000    -0.00000000   0.08073489
 -0.14611068   0.00000000    -0.06225440  -0.00000000     0.00000000  -0.08073489
 -0.00000000   0.08073489     0.00000000  -0.08073489    -0.08478706  -0.00000000
    2    1
 -0.06225440  -0.00000000    -0.14611068   0.00000000    -0.00000000  -0.08073489
 -0.14611068   0.00000000    -0.06225440   0.00000000     0.00000000   0.08073489
 -0.00000000  -0.08073489     0.00000000   0.08073489    -0.08478706  -0.00000000
    2    2
  0.26011910   0.00000000    -0.00809555   0.00000000     0.00000000   0.00848280
 -0.00809555   0.00000000     0.26011910   0.00000000     0.00000000  -0.00848280
  0.00000000  -0.00848280     0.00000000   0.00848280     0.30413357   0.00000000

     Dynamical  Matrix in cartesian axes

     q = (    0.000000000   0.666666667   0.666666667 ) 

    1    1
  0.30413357   0.00000000     0.00000000  -0.00848280     0.00000000  -0.00848280
  0.00000000   0.00848280     0.26011910   0.00000000     0.00809555   0.00000000
  0.00000000   0.00848280     0.00809555   0.00000000     0.26011910   0.00000000
    1    2
  0.04239353   0.07342775    -0.06991846   0.04036744    -0.06991846   0.04036744
 -0.06991846   0.04036744     0.03112720   0.05391389    -0.07305534  -0.12653556
 -0.06991846   0.04036744    -0.07305534  -0.12653556     0.03112720   0.05391389
    2    1
  0.04239353  -0.07342775    -0.06991846  -0.04036744    -0.06991846  -0.04036744
 -0.06991846  -0.04036744     0.03112720  -0.05391389    -0.07305534   0.12653556
 -0.06991846  -0.04036744    -0.07305534   0.12653556     0.03112720  -0.05391389
    2    2
  0.30413357   0.00000000     0.00000000   0.00848280     0.00000000   0.00848280
  0.00000000  -0.00848280     0.26011910   0.00000000     0.00809555   0.00000000
  0.00000000  -0.00848280     0.00809555   0.00000000     0.26011910   0.00000000

     Dynamical  Matrix in cartesian axes

     q = (    0.000000000   0.666666667  -0.666666667 ) 

    1    1
  0.30413357   0.00000000     0.00000000   0.00848280     0.00000000  -0.00848280
  0.00000000  -0.00848280     0.26011910   0.00000000    -0.00809555   0.00000000
  0.00000000   0.00848280    -0.00809555   0.00000000     0.26011910   0.00000000
    1    2
 -0.08478706  -0.00000000     0.00000000   0.08073489     0.00000000  -0.08073489
  0.00000000   0.08073489    -0.06225440   0.00000000    -0.14611068  -0.00000000
  0.00000000  -0.08073489    -0.14611068  -0.00000000    -0.06225440   0.00000000
    2    1
 -0.08478706  -0.00000000     0.00000000  -0.08073489     0.00000000   0.08073489
  0.00000000  -0.08073489    -0.06225440   0.00000000    -0.14611068  -0.00000000
  0.00000000   0.08073489    -0.14611068  -0.00000000    -0.06225440   0.00000000
    2    2
  0.30413357   0.00000000     0.00000000  -0.00848280     0.00000000   0.00848280
  0.00000000   0.00848280     0.26011910   0.00000000    -0.00809555   0.00000000
  0.00000000  -0.00848280    -0.00809555   0.00000000     0.26011910   0.00000000

     Dynamical  Matrix in cartesian axes

     q = (    0.000000000  -0.666666667  -0.666666667 ) 

    1    1
  0.30413357   0.00000000     0.00000000   0.00848280     0.00000000   0.00848280
  0.00000000  -0.00848280     0.26011910   0.00000000     0.00809555   0.00000000
  0.00000000  -0.00848280     0.00809555   0.00000000     0.26011910   0.00000000
    1    2
  0.04239353  -0.07342775    -0.06991846  -0.04036744    -0.06991846  -0.04036744
 -0.06991846  -0.04036744     0.03112720  -0.05391389    -0.07305534   0.12653556
 -0.06991846  -0.04036744    -0.07305534   0.12653556     0.03112720  -0.05391389
    2    1
  0.04239353   0.07342775    -0.06991846   0.04036744    -0.06991846   0.04036744
 -0.06991846   0.04036744     0.03112720   0.05391389    -0.07305534  -0.12653556
 -0.06991846   0.04036744    -0.07305534  -0.12653556     0.03112720   0.05391389
    2    2
  0.30413357   0.00000000     0.00000000  -0.00848280     0.00000000  -0.00848280
  0.00000000   0.00848280     0.26011910   0.00000000     0.00809555   0.00000000
  0.00000000   0.00848280     0.00809555   0.00000000     0.26011910   0.00000000

     Diagonalizing the dynamical matrix

     q = (    0.666666667  -0.000000000   0.666666667 ) 

 **************************************************************************
     freq (    1) =       4.296384 [THz] =     143.311958 [cm-1]
 ( -0.250000 -0.433013 -0.000000  0.000000  0.250000  0.433013 ) 
 (  0.500000  0.000000  0.000000 -0.000000 -0.500000  0.000000 ) 
     freq (    2) =       6.443076 [THz] =     214.917881 [cm-1]
 (  0.191111  0.331015  0.394790 -0.227932  0.191111  0.331015 ) 
 (  0.382223  0.000000 -0.000000  0.455864  0.382223  0.000000 ) 
     freq (    3) =      10.135809 [THz] =     338.094188 [cm-1]
 (  0.189118  0.327561 -0.400508  0.231234  0.189118  0.327561 ) 
 ( -0.378235 -0.000000 -0.000000  0.462467 -0.378235  0.000000 ) 
     freq (    4) =      11.365488 [THz] =     379.111857 [cm-1]
 ( -0.161172 -0.279158  0.468125 -0.270272 -0.161172 -0.279158 ) 
 ( -0.322344  0.000000 -0.000000  0.540544 -0.322344  0.000000 ) 
     freq (    5) =      13.951831 [THz] =     465.382978 [cm-1]
 (  0.250000  0.433013  0.000000 -0.000000 -0.250000 -0.433013 ) 
 (  0.500000  0.000000 -0.000000  0.000000 -0.500000  0.000000 ) 
     freq (    6) =      14.510639 [THz] =     484.022827 [cm-1]
 ( -0.163507 -0.283202 -0.463242  0.267453 -0.163507 -0.283202 ) 
 (  0.327014  0.000000 -0.000000  0.534906  0.327014  0.000000 ) 
 **************************************************************************
