Dynamical matrix file
--                                                                         
  1    2   2  10.2620000   0.0000000   0.0000000   0.0000000   0.0000000   0.0000000
           1  'Si  '    25598.367289828169     
    1    1      0.0000000000      0.0000000000      0.0000000000
    2    1      0.2500000000      0.2500000000      0.2500000000

     Dynamical  Matrix in cartesian axes

     q = (   -0.333333333   0.333333333  -0.333333333 ) 

    1    1
  0.28471551  -0.00000000    -0.01638614   0.00000000     0.01638614  -0.00000000
 -0.01638614   0.00000000     0.28471551  -0.00000000    -0.01638614   0.00000000
  0.01638614  -0.00000000    -0.01638614   0.00000000     0.28471551  -0.00000000
    1    2
 -0.17895919  -0.05072590    -0.06673908   0.03881811     0.06673908  -0.03881811
 -0.06673908   0.03881811    -0.17895919  -0.05072590    -0.06673908   0.03881811
  0.06673908  -0.03881811    -0.06673908   0.03881811    -0.17895919  -0.05072590
    2    1
 -0.17895919   0.05072590    -0.06673908  -0.03881811     0.06673908   0.03881811
 -0.06673908  -0.03881811    -0.17895919   0.05072590    -0.06673908  -0.03881811
  0.06673908   0.03881811    -0.06673908  -0.03881811    -0.17895919   0.05072590
    2    2
  0.28471551   0.00000000    -0.01638614  -0.00000000     0.01638614   0.00000000
 -0.01638614  -0.00000000     0.28471551   0.00000000    -0.01638614  -0.00000000
  0.01638614   0.00000000    -0.01638614  -0.00000000     0.28471551   0.00000000

     Dynamical  Matrix in cartesian axes

     q = (    0.333333333   0.333333333  -0.333333333 ) 

    1    1
  0.28471551   0.00000000     0.01638614   0.00000000    -0.01638614  -0.00000000
  0.01638614   0.00000000     0.28471551   0.00000000    -0.01638614  -0.00000000
 -0.01638614  -0.00000000    -0.01638614  -0.00000000     0.28471551   0.00000000
    1    2
 -0.17895919   0.05072590     0.06673908   0.03881811    -0.06673908  -0.03881811
  0.06673908   0.03881811    -0.17895919   0.05072590    -0.06673908  -0.03881811
 -0.06673908  -0.03881811    -0.06673908  -0.03881811    -0.17895919   0.05072590
    2    1
 -0.17895919  -0.05072590     0.06673908  -0.03881811    -0.06673908   0.03881811
  0.06673908  -0.03881811    -0.17895919  -0.05072590    -0.06673908   0.03881811
 -0.06673908   0.03881811    -0.06673908   0.03881811    -0.17895919  -0.05072590
    2    2
  0.28471551  -0.00000000     0.01638614  -0.00000000    -0.01638614   0.00000000
  0.01638614  -0.00000000     0.28471551  -0.00000000    -0.01638614   0.00000000
 -0.01638614   0.00000000    -0.01638614   0.00000000     0.28471551  -0.00000000

     Dynamical  Matrix in cartesian axes

     q = (    0.333333333   0.333333333   0.333333333 ) 

    1    1
  0.28471551  -0.00000000     0.01638614  -0.00000000     0.01638614  -0.00000000
  0.01638614  -0.00000000     0.28471551  -0.00000000     0.01638614  -0.00000000
  0.01638614  -0.00000000     0.01638614  -0.00000000     0.28471551  -0.00000000
    1    2
  0.04554968   0.18034616    -0.06698701  -0.03838869    -0.06698701  -0.03838869
 -0.06698701  -0.03838869     0.04554968   0.18034616    -0.06698701  -0.03838869
 -0.06698701  -0.03838869    -0.06698701  -0.03838869     0.04554968   0.18034616
    2    1
  0.04554968  -0.18034616    -0.06698701   0.03838869    -0.06698701   0.03838869
 -0.06698701   0.03838869     0.04554968  -0.18034616    -0.06698701   0.03838869
 -0.06698701   0.03838869    -0.06698701   0.03838869     0.04554968  -0.18034616
    2    2
  0.28471551   0.00000000     0.01638614   0.00000000     0.01638614   0.00000000
  0.01638614   0.00000000     0.28471551   0.00000000     0.01638614   0.00000000
  0.01638614   0.00000000     0.01638614   0.00000000     0.28471551   0.00000000

     Dynamical  Matrix in cartesian axes

     q = (   -0.333333333   0.333333333   0.333333333 ) 

    1    1
  0.28471551   0.00000000    -0.01638614  -0.00000000    -0.01638614  -0.00000000
 -0.01638614  -0.00000000     0.28471551   0.00000000     0.01638614   0.00000000
 -0.01638614  -0.00000000     0.01638614   0.00000000     0.28471551   0.00000000
    1    2
 -0.17895919   0.05072590    -0.06673908  -0.03881811    -0.06673908  -0.03881811
 -0.06673908  -0.03881811    -0.17895919   0.05072590     0.06673908   0.03881811
 -0.06673908  -0.03881811     0.06673908   0.03881811    -0.17895919   0.05072590
    2    1
 -0.17895919  -0.05072590    -0.06673908   0.03881811    -0.06673908   0.03881811
 -0.06673908   0.03881811    -0.17895919  -0.05072590     0.06673908  -0.03881811
 -0.06673908   0.03881811     0.06673908  -0.03881811    -0.17895919  -0.05072590
    2    2
  0.28471551  -0.00000000    -0.01638614   0.00000000    -0.01638614   0.00000000
 -0.01638614   0.00000000     0.28471551  -0.00000000     0.01638614  -0.00000000
 -0.01638614   0.00000000     0.01638614  -0.00000000     0.28471551  -0.00000000

     Dynamical  Matrix in cartesian axes

     q = (    0.333333333  -0.333333333   0.333333333 ) 

    1    1
  0.28471551   0.00000000    -0.01638614  -0.00000000     0.01638614   0.00000000
 -0.01638614  -0.00000000     0.28471551   0.00000000    -0.01638614  -0.00000000
  0.01638614   0.00000000    -0.01638614  -0.00000000     0.28471551   0.00000000
    1    2
 -0.17895919   0.05072590    -0.06673908  -0.03881811     0.06673908   0.03881811
 -0.06673908  -0.03881811    -0.17895919   0.05072590    -0.06673908  -0.03881811
  0.06673908   0.03881811    -0.06673908  -0.03881811    -0.17895919   0.05072590
    2    1
 -0.17895919  -0.05072590    -0.06673908   0.03881811     0.06673908  -0.03881811
 -0.06673908   0.03881811    -0.17895919  -0.05072590    -0.06673908   0.03881811
  0.06673908  -0.03881811    -0.06673908   0.03881811    -0.17895919  -0.05072590
    2    2
  0.28471551  -0.00000000    -0.01638614   0.00000000     0.01638614  -0.00000000
 -0.01638614   0.00000000     0.28471551  -0.00000000    -0.01638614   0.00000000
  0.01638614  -0.00000000    -0.01638614   0.00000000     0.28471551  -0.00000000

     Dynamical  Matrix in cartesian axes

     q = (   -0.333333333  -0.333333333  -0.333333333 ) 

    1    1
  0.28471551   0.00000000     0.01638614   0.00000000     0.01638614   0.00000000
  0.01638614   0.00000000     0.28471551   0.00000000     0.01638614   0.00000000
  0.01638614   0.00000000     0.01638614   0.00000000     0.28471551   0.00000000
    1    2
  0.04554968  -0.18034616    -0.06698701   0.03838869    -0.06698701   0.03838869
 -0.06698701   0.03838869     0.04554968  -0.18034616    -0.06698701   0.03838869
 -0.06698701   0.03838869    -0.06698701   0.03838869     0.04554968  -0.18034616
    2    1
  0.04554968   0.18034616    -0.06698701  -0.03838869    -0.06698701  -0.03838869
 -0.06698701  -0.03838869     0.04554968   0.18034616    -0.06698701  -0.03838869
 -0.06698701  -0.03838869    -0.06698701  -0.03838869     0.04554968   0.18034616
    2    2
  0.28471551  -0.00000000     0.01638614  -0.00000000     0.01638614  -0.00000000
  0.01638614  -0.00000000     0.28471551  -0.00000000     0.01638614  -0.00000000
  0.01638614  -0.00000000     0.01638614  -0.00000000     0.28471551  -0.00000000

     Dynamical  Matrix in cartesian axes

     q = (    0.333333333  -0.333333333  -0.333333333 ) 

    1    1
  0.28471551  -0.00000000    -0.01638614   0.00000000    -0.01638614   0.00000000
 -0.01638614   0.00000000     0.28471551  -0.00000000     0.01638614  -0.00000000
 -0.01638614   0.00000000     0.01638614  -0.00000000     0.28471551  -0.00000000
    1    2
 -0.17895919  -0.05072590    -0.06673908   0.03881811    -0.06673908   0.03881811
 -0.06673908   0.03881811    -0.17895919  -0.05072590     0.06673908  -0.03881811
 -0.06673908   0.03881811     0.06673908  -0.03881811    -0.17895919  -0.05072590
    2    1
 -0.17895919   0.05072590    -0.06673908  -0.03881811    -0.06673908  -0.03881811
 -0.06673908  -0.03881811    -0.17895919   0.05072590     0.06673908   0.03881811
 -0.06673908  -0.03881811     0.06673908   0.03881811    -0.17895919   0.05072590
    2    2
  0.28471551   0.00000000    -0.01638614  -0.00000000    -0.01638614  -0.00000000
 -0.01638614  -0.00000000     0.28471551   0.00000000     0.01638614   0.00000000
 -0.01638614  -0.00000000     0.01638614   0.00000000     0.28471551   0.00000000

     Dynamical  Matrix in cartesian axes

     q = (   -0.333333333  -0.333333333   0.333333333 ) 

    1    1
  0.28471551  -0.00000000     0.01638614  -0.00000000    -0.01638614   0.00000000
  0.01638614  -0.00000000     0.28471551  -0.00000000    -0.01638614   0.00000000
 -0.01638614   0.00000000    -0.01638614   0.00000000     0.28471551  -0.00000000
    1    2
 -0.17895919  -0.05072590     0.06673908  -0.03881811    -0.06673908   0.03881811
  0.06673908  -0.03881811    -0.17895919  -0.05072590    -0.06673908   0.03881811
 -0.06673908   0.03881811    -0.06673908   0.03881811    -0.17895919  -0.05072590
    2    1
 -0.17895919   0.05072590     0.06673908   0.03881811    -0.06673908  -0.03881811
  0.06673908   0.03881811    -0.17895919   0.05072590    -0.06673908  -0.03881811
 -0.06673908  -0.03881811    -0.06673908  -0.03881811    -0.17895919   0.05072590
    2    2
  0.28471551   0.00000000     0.01638614   0.00000000    -0.01638614  -0.00000000
  0.01638614   0.00000000     0.28471551   0.00000000    -0.01638614  -0.00000000
 -0.01638614  -0.00000000    -0.01638614  -0.00000000     0.28471551   0.00000000

     Diagonalizing the dynamical matrix

     q = (   -0.333333333   0.333333333  -0.333333333 ) 

 **************************************************************************
     freq (    1) =       3.073525 [THz] =     102.521760 [cm-1]
 (  0.568784  0.000390  0.369682 -0.009260 -0.199102 -0.009649 ) 
 (  0.568136 -0.027145  0.368800 -0.027145 -0.199336  0.000000 ) 
     freq (    2) =       3.073525 [THz] =     102.521760 [cm-1]
 ( -0.097984 -0.014747  0.443228  0.011483  0.541212  0.026230 ) 
 ( -0.098583 -0.009986  0.443264 -0.009986  0.541847  0.000000 ) 
     freq (    3) =       8.755391 [THz] =     292.048399 [cm-1]
 ( -0.136344 -0.384808  0.136344  0.384808 -0.136344 -0.384808 ) 
 ( -0.408248 -0.000000  0.408248  0.000000 -0.408248  0.000000 ) 
     freq (    4) =      13.849641 [THz] =     461.974299 [cm-1]
 ( -0.136344 -0.384808  0.136344  0.384808 -0.136344 -0.384808 ) 
 (  0.408248 -0.000000 -0.408248 -0.000000  0.408248  0.000000 ) 
     freq (    5) =      14.746329 [THz] =     491.884602 [cm-1]
 (  0.405125 -0.030733 -0.150155 -0.057645 -0.555280 -0.026912 ) 
 ( -0.403162  0.050308  0.152770  0.050308  0.555932  0.000000 ) 
     freq (    6) =      14.746329 [THz] =     491.884602 [cm-1]
 ( -0.377091  0.161448 -0.532707  0.153906 -0.155616 -0.007542 ) 
 (  0.368833 -0.179513  0.524632 -0.179513  0.155799  0.000000 ) 
 **************************************************************************
