Dynamical matrix file
--                                                                         
  1    2   2  10.2620000   0.0000000   0.0000000   0.0000000   0.0000000   0.0000000
           1  'Si  '    25598.367289828169     
    1    1      0.0000000000      0.0000000000      0.0000000000
    2    1      0.2500000000      0.2500000000      0.2500000000

     Dynamical  Matrix in cartesian axes

     q = (    0.000000000   0.666666667   0.000000000 ) 

    1    1
  0.25085130   0.00000000     0.00000000   0.00000000    -0.00000000   0.00000000
  0.00000000   0.00000000     0.33740536   0.00000000     0.00000000   0.00000000
  0.00000000   0.00000000     0.00000000   0.00000000     0.25085130   0.00000000
    1    2
 -0.06198597   0.10736284    -0.00000000  -0.00000000    -0.14816678  -0.08554413
 -0.00000000  -0.00000000    -0.06879029   0.11914828     0.00000000  -0.00000000
 -0.14816678  -0.08554413    -0.00000000   0.00000000    -0.06198597   0.10736284
    2    1
 -0.06198597  -0.10736284    -0.00000000  -0.00000000    -0.14816678   0.08554413
  0.00000000  -0.00000000    -0.06879029  -0.11914828     0.00000000  -0.00000000
 -0.14816678   0.08554413     0.00000000  -0.00000000    -0.06198597  -0.10736284
    2    2
  0.25085130   0.00000000     0.00000000   0.00000000    -0.00000000   0.00000000
  0.00000000   0.00000000     0.33740536   0.00000000     0.00000000   0.00000000
  0.00000000   0.00000000     0.00000000   0.00000000     0.25085130   0.00000000

     Dynamical  Matrix in cartesian axes

     q = (   -0.666666667   0.000000000   0.000000000 ) 

    1    1
  0.33740536   0.00000000     0.00000000   0.00000000     0.00000000   0.00000000
  0.00000000   0.00000000     0.25085130   0.00000000     0.00000000   0.00000000
  0.00000000   0.00000000     0.00000000   0.00000000     0.25085130   0.00000000
    1    2
 -0.06879029  -0.11914828     0.00000000   0.00000000     0.00000000  -0.00000000
 -0.00000000   0.00000000    -0.06198597  -0.10736284    -0.14816678   0.08554413
  0.00000000  -0.00000000    -0.14816678   0.08554413    -0.06198597  -0.10736284
    2    1
 -0.06879029   0.11914828    -0.00000000  -0.00000000     0.00000000  -0.00000000
  0.00000000  -0.00000000    -0.06198597   0.10736284    -0.14816678  -0.08554413
  0.00000000  -0.00000000    -0.14816678  -0.08554413    -0.06198597   0.10736284
    2    2
  0.33740536   0.00000000     0.00000000   0.00000000     0.00000000   0.00000000
  0.00000000   0.00000000     0.25085130   0.00000000     0.00000000   0.00000000
  0.00000000   0.00000000     0.00000000   0.00000000     0.25085130   0.00000000

     Dynamical  Matrix in cartesian axes

     q = (    0.000000000  -0.666666667   0.000000000 ) 

    1    1
  0.25085130   0.00000000     0.00000000   0.00000000    -0.00000000   0.00000000
  0.00000000   0.00000000     0.33740536   0.00000000     0.00000000   0.00000000
  0.00000000   0.00000000     0.00000000   0.00000000     0.25085130   0.00000000
    1    2
 -0.06198597  -0.10736284    -0.00000000   0.00000000    -0.14816678   0.08554413
 -0.00000000  -0.00000000    -0.06879029  -0.11914828     0.00000000   0.00000000
 -0.14816678   0.08554413    -0.00000000   0.00000000    -0.06198597  -0.10736284
    2    1
 -0.06198597   0.10736284     0.00000000  -0.00000000    -0.14816678  -0.08554413
  0.00000000  -0.00000000    -0.06879029   0.11914828     0.00000000   0.00000000
 -0.14816678  -0.08554413     0.00000000  -0.00000000    -0.06198597   0.10736284
    2    2
  0.25085130   0.00000000     0.00000000   0.00000000    -0.00000000   0.00000000
  0.00000000   0.00000000     0.33740536   0.00000000     0.00000000   0.00000000
  0.00000000   0.00000000     0.00000000   0.00000000     0.25085130   0.00000000

     Dynamical  Matrix in cartesian axes

     q = (    0.000000000   0.000000000   0.666666667 ) 

    1    1
  0.25085130   0.00000000    -0.00000000   0.00000000     0.00000000   0.00000000
 -0.00000000   0.00000000     0.25085130   0.00000000     0.00000000   0.00000000
  0.00000000   0.00000000     0.00000000   0.00000000     0.33740536   0.00000000
    1    2
 -0.06198597   0.10736284    -0.14816678  -0.08554413     0.00000000   0.00000000
 -0.14816678  -0.08554413    -0.06198597   0.10736284     0.00000000   0.00000000
  0.00000000   0.00000000     0.00000000   0.00000000    -0.06879029   0.11914828
    2    1
 -0.06198597  -0.10736284    -0.14816678   0.08554413     0.00000000  -0.00000000
 -0.14816678   0.08554413    -0.06198597  -0.10736284     0.00000000  -0.00000000
 -0.00000000   0.00000000    -0.00000000   0.00000000    -0.06879029  -0.11914828
    2    2
  0.25085130   0.00000000    -0.00000000   0.00000000     0.00000000   0.00000000
 -0.00000000   0.00000000     0.25085130   0.00000000     0.00000000   0.00000000
  0.00000000   0.00000000     0.00000000   0.00000000     0.33740536   0.00000000

     Dynamical  Matrix in cartesian axes

     q = (    0.000000000   0.000000000  -0.666666667 ) 

    1    1
  0.25085130   0.00000000     0.00000000   0.00000000     0.00000000   0.00000000
  0.00000000   0.00000000     0.25085130   0.00000000     0.00000000   0.00000000
  0.00000000   0.00000000     0.00000000   0.00000000     0.33740536   0.00000000
    1    2
 -0.06198597  -0.10736284    -0.14816678   0.08554413    -0.00000000   0.00000000
 -0.14816678   0.08554413    -0.06198597  -0.10736284     0.00000000   0.00000000
 -0.00000000   0.00000000     0.00000000   0.00000000    -0.06879029  -0.11914828
    2    1
 -0.06198597   0.10736284    -0.14816678  -0.08554413     0.00000000   0.00000000
 -0.14816678  -0.08554413    -0.06198597   0.10736284     0.00000000   0.00000000
 -0.00000000  -0.00000000    -0.00000000   0.00000000    -0.06879029   0.11914828
    2    2
  0.25085130   0.00000000     0.00000000   0.00000000     0.00000000   0.00000000
  0.00000000   0.00000000     0.25085130   0.00000000     0.00000000   0.00000000
  0.00000000   0.00000000     0.00000000   0.00000000     0.33740536   0.00000000

     Dynamical  Matrix in cartesian axes

     q = (    0.666666667   0.000000000   0.000000000 ) 

    1    1
  0.33740536   0.00000000     0.00000000   0.00000000     0.00000000   0.00000000
  0.00000000   0.00000000     0.25085130   0.00000000     0.00000000   0.00000000
  0.00000000   0.00000000     0.00000000   0.00000000     0.25085130   0.00000000
    1    2
 -0.06879029   0.11914828     0.00000000  -0.00000000     0.00000000   0.00000000
  0.00000000  -0.00000000    -0.06198597   0.10736284    -0.14816678  -0.08554413
  0.00000000   0.00000000    -0.14816678  -0.08554413    -0.06198597   0.10736284
    2    1
 -0.06879029  -0.11914828     0.00000000  -0.00000000    -0.00000000   0.00000000
 -0.00000000  -0.00000000    -0.06198597  -0.10736284    -0.14816678   0.08554413
  0.00000000   0.00000000    -0.14816678   0.08554413    -0.06198597  -0.10736284
    2    2
  0.33740536   0.00000000     0.00000000   0.00000000     0.00000000   0.00000000
  0.00000000   0.00000000     0.25085130   0.00000000     0.00000000   0.00000000
  0.00000000   0.00000000     0.00000000   0.00000000     0.25085130   0.00000000

     Diagonalizing the dynamical matrix

     q = (    0.000000000   0.666666667   0.000000000 ) 

 **************************************************************************
     freq (    1) =       4.090215 [THz] =     136.434885 [cm-1]
 (  0.071815 -0.301013  0.000000 -0.000000  0.111221  0.625990 ) 
 (  0.505476  0.342141  0.000000  0.000000 -0.356978  0.000000 ) 
     freq (    2) =       4.090215 [THz] =     136.434885 [cm-1]
 (  0.616455  0.155616  0.000000 -0.000000  0.305371 -0.050148 ) 
 (  0.295624  0.200099  0.000000  0.000000  0.610382  0.000000 ) 
     freq (    3) =       9.191652 [THz] =     306.600508 [cm-1]
 ( -0.000000  0.000000  0.467836 -0.530217 -0.000000 -0.000000 ) 
 ( -0.000000 -0.000000  0.693099  0.140049 -0.000000  0.000000 ) 
     freq (    4) =      13.978247 [THz] =     466.264118 [cm-1]
 ( -0.151200 -0.399839  0.000000 -0.000000  0.112703  0.551874 ) 
 ( -0.461297 -0.147247 -0.000000 -0.000000  0.515289  0.000000 ) 
     freq (    5) =      13.978247 [THz] =     466.264118 [cm-1]
 (  0.563216 -0.007419  0.000000  0.000000  0.422868  0.062575 ) 
 ( -0.490888 -0.156692  0.000000 -0.000000 -0.484228  0.000000 ) 
     freq (    6) =      14.171287 [THz] =     472.703237 [cm-1]
 ( -0.000000 -0.000000 -0.467836  0.530217  0.000000  0.000000 ) 
 ( -0.000000  0.000000  0.693099  0.140049  0.000000  0.000000 ) 
 **************************************************************************
